***************Mean result of 10times runs ********************
List of OA:[0.9850718616220308, 0.9842204019205146, 0.9842322277497024, 0.9869639942920665, 0.9852610748890342, 0.9863687608896177, 0.9881268674955259, 0.9883397324209049, 0.9849890808177166, 0.9893133923573608]
List of AA:[0.9550784502948506, 0.9560778650106678, 0.9548912614243031, 0.9706318278655828, 0.9659114522196852, 0.9612664211736746, 0.9702001131923105, 0.9708538332950037, 0.9565594002249046, 0.974403563179192]
List of KPP:[0.9798377157532088, 0.9899153459633429, 0.9908359360278118, 0.9853311704742497, 0.9908386076402718, 0.9862540911722391, 0.9844102003737021, 0.9835025098800775, 0.9807528868161682, 0.9899121571090648]
OA=98.63+-0.17
AA=96.36+-0.73
Kpp=98.62+-0.39
Acc per class=
[99.64 99.02 99.78 99.19 95.64 88.44 98.24 97.44 96.85 99.   99.27 96.51
 91.71 98.52 82.56 99.93]+-[0.09 0.42 0.17 0.81 4.06 4.37 0.86 0.95 1.18 0.43 0.29 3.66 1.21 0.72
 6.64 0.07]
