***************Mean result of 10times runs ********************
List of OA:[0.9935653922590435, 0.9938305474535912, 0.9930902131480223, 0.9917565612784156, 0.9931138408386255, 0.990806203056373, 0.9922842463685552, 0.9926754159129871, 0.9918799503293437, 0.9927016689025463]
List of AA:[0.9858557697623126, 0.9852315637524143, 0.9820417031333902, 0.9778809606375102, 0.9797989429551155, 0.9765176477547357, 0.9808284983570377, 0.9811609042796623, 0.9771018695470843, 0.9812614471737906]
List of KPP:[0.9947400832637988, 0.9934181913668553, 0.9901343538710746, 0.9861817878527576, 0.9934245021835777, 0.9875052054526838, 0.9901253389445347, 0.984216087906141, 0.987498094378022, 0.9914510205824579]
OA=99.26+-0.09
AA=98.08+-0.3
Kpp=98.99+-0.33
Acc per class=
[99.14 93.38 99.14 99.97 98.38 99.8  98.79 96.69 99.23 98.53 98.84 97.6
 98.84 97.63 95.19 98.91 99.27 96.76 97.54 97.3  97.33 99.43]+-[0.44 2.42 0.3  0.02 0.88 0.12 0.38 3.41 1.46 0.63 0.3  1.17 0.36 0.91
 2.45 1.09 0.89 1.47 0.52 1.38 2.92 0.94]
