***************Mean result of 10times runs ********************
List of OA:[0.97953216374269, 0.97953216374269, 0.9808317089018843, 0.9822395494910114, 0.9814814814814815, 0.9723846653671215, 0.9849469352393329, 0.9737925059562487, 0.9705436430582629, 0.9747671648256444]
List of AA:[0.9758134308670947, 0.977913097344822, 0.9640370027011822, 0.9704944196352296, 0.9714132522255158, 0.9620070028471662, 0.9644575242295901, 0.9745034600291859, 0.9291506929028053, 0.9601231511359013]
List of KPP:[0.98642071580306, 0.9682843018509047, 0.9683151455396957, 0.9751222614334593, 0.9593624963676598, 0.9683165654619194, 0.9886786023342256, 0.9593635863758488, 0.9819107447489668, 0.9751164665830496]
OA=97.8+-0.45
AA=96.5+-1.33
Kpp=97.31+-0.98
Acc per class=
[89.02 96.82 97.02 93.86 94.   99.79 99.17 99.95 99.38 96.38 99.2  96.97
 99.57 99.52 96.87 86.47]+-[ 9.21  1.44  1.75  4.49  2.1   0.22  2.5   0.14  1.88  1.44  0.63  1.15
  0.53  0.59  4.13 20.11]
